198200
197163
196120
195193
193140
192112
191169
190179
189168
187126
186130
184144
183191
182125
181103
180128
179145
177119
176109
175175
174158
173182
171149
170162
168123
167115
166154
165150
164157
163106
161134
159195
157156
155178
153121
152164
151185
149171
147110
146176
145116
144183
142131
140196
139146
137187
136180
135141
133135
132129
131172
130167
129143
127153
126136
125166
123117
122107
121108
119142
118114
117189
116186
115132
114192
113102
111138
110101
109124
108174
106104
105165
104188
103198
102177
101170