189168
187126
197163
103198
137187
168123
152164
142131
102177
170162
167115
149171
125166
182125
186130
145116
193140
118114
174158
113102
153121
192112
105165
177119
198200
123117
195193
176109
109124
140196
131172
144183
164157
180128
135141
132129
175175
157156
129143
166154
146176
191169
184144
133135
122107
126136
159195
101170
136180
111138
121108
151185
165150
127153
179145
106104
171149
104188
116186
119142
117189
155178
190179
196120
115132
173182
181103
108174
163106
161134
110101
114192
147110
130167
183191
139146